              precision    recall  f1-score   support

    airplane     0.7435    0.8930    0.8114      1000
  automobile     0.8989    0.9250    0.9118      1000
        bird     0.7328    0.7240    0.7284      1000
         cat     0.6711    0.6020    0.6347      1000
        deer     0.7402    0.8720    0.8007      1000
         dog     0.7849    0.6570    0.7153      1000
        frog     0.8203    0.8900    0.8537      1000
       horse     0.8713    0.8260    0.8480      1000
        ship     0.8913    0.8940    0.8927      1000
       truck     0.9484    0.7910    0.8626      1000

    accuracy                         0.8074     10000
   macro avg     0.8103    0.8074    0.8059     10000
weighted avg     0.8103    0.8074    0.8059     10000
